1.5249
1.5456
1.5618
1.5626
1.577
1.5849
1.6399
1.6719
1.6725
1.7441
1.7929
1.7969
1.7999
1.8295
1.8355
1.8386
1.844
1.8796
1.8829
1.9003
1.909
1.9179
1.9235
1.9267
1.9339
1.9374
1.9667
1.9695
1.9703
1.9704
1.9713
1.9719
1.9874
2.0056
2.0068
2.0106
2.0201
2.0211
2.0272
2.0284
2.0292
2.0329
2.044
2.0581
2.0614
2.0718
2.0766
2.0771
2.0922
2.0923
2.1058
2.1098
2.114
2.1182
2.1209
2.1315
2.1319
2.1431
2.1496
2.1528
2.1542
2.1551
2.1782
2.1966
2.1999
2.2182
2.2305
2.2316
2.2338
2.2339
2.2339
2.2387
2.2395
2.2463
2.2507
2.2685
2.2738
2.2749
2.2789
2.2832
2.2931
2.2969
2.3011
2.3071
2.3125
2.3129
2.3181
2.3201
2.327
2.3398
2.3404
2.348
2.3586
2.3636
2.3661
2.3723
2.3765
2.3812
2.3842
2.3885
2.3968
2.3983
2.3986
2.3986
2.4061
2.4124
2.4152
2.4313
2.4406
2.4428
2.4449
2.4481
2.4483
2.452
2.4541
2.4545
2.4574
2.4638
2.4654
2.4667
2.4672
2.4688
2.4698
2.4705
2.4747
2.4756
2.4811
2.4818
2.483
2.4839
2.4857
2.4885
2.4926
2.4938
2.4941
2.4942
2.4959
2.4983
2.5079
2.5166
2.519
2.52
2.5214
2.5312
2.5369
2.5376
2.5411
2.5415
2.5425
2.5459
2.5481
2.554
2.5546
2.5553
2.556
2.5572
2.5588
2.5629
2.5636
2.5684
2.572
2.5721
2.5736
2.5746
2.5748
2.5818
2.5819
2.583
2.583
2.584
2.5878
2.5905
2.5934
2.5946
2.5946
2.5956
2.5996
2.6138
2.6172
2.6173
2.6193
2.6205
2.6208
2.6247
2.6315
2.6343
2.6345
2.6347
2.6347
2.6354
2.6359
2.6461
2.6467
2.654
2.6572
2.6625
2.6665
2.6793
2.6822
2.6828
2.6829
2.6842
2.6986
2.6995
2.7132
2.7138
2.7152
2.7174
2.7178
2.7214
2.732
2.7329
2.7435
2.7485
2.754
2.7546
2.7547
2.7559
2.7591
2.76
2.7635
2.7651
2.7668
2.7773
2.7786
2.7839
2.7862
2.7895
2.7925
2.7929
2.7939
2.798
2.7985
2.8001
2.8031
2.8033
2.8045
2.8126
2.8141
2.8141
2.815
2.8193
2.8197
2.8209
2.8261
2.8287
2.8315
2.8325
2.8335
2.8342
2.8383
2.839
2.8425
2.846
2.8499
2.8531
2.8535
2.8537
2.8554
2.8563
2.8566
2.8568
2.8595
2.8626
2.8637
2.8641
2.8647
2.8686
2.8697
2.8704
2.8744
2.875
2.876
2.8815
2.8819
2.883
2.8859
2.8888
2.8894
2.8905
2.8922
2.8925
2.8934
2.8937
2.8956
2.8957
2.8957
2.8978
2.8997
2.9048
2.9097
2.9101
2.9109
2.9142
2.9147
2.9181
2.9199
2.9218
2.9256
2.926
2.9326
2.9359
2.938
2.9407
2.9414
2.9447
2.9476
2.9496
2.9537
2.9543
2.9563
2.9569
2.957
2.9591
2.961
2.9622
2.9649
2.9692
2.9697
2.9708
2.9739
2.9751
2.9779
2.9787
2.9794
2.9814
2.9855
2.9861
2.9866
2.9874
2.9911
2.993
2.9964
2.9974
2.9978
3.0009
3.0023
3.0035
3.0054
3.0125
3.014
3.015
3.0176
3.0182
3.0191
3.0222
3.0243
3.027
3.0347
3.0354
3.0355
3.0364
3.0419
3.0503
3.0532
3.0572
3.0577
3.0612
3.0613
3.065
3.0658
3.067
3.0676
3.0678
3.0719
3.072
3.0741
3.0864
3.0864
3.087
3.0888
3.0923
3.0943
3.0953
3.0962
3.0972
3.0981
3.0993
3.1007
3.101
3.1057
3.1088
3.1099
3.1111
3.1117
3.1144
3.1156
3.1178
3.1187
3.1188
3.1218
3.1221
3.1226
3.1234
3.1277
3.128
3.1326
3.1347
3.1349
3.1363
3.1363
3.1367
3.137
3.138
3.1393
3.141
3.143
3.144
3.1454
3.1474
3.1491
3.1503
3.1504
3.1538
3.1557
3.1612
3.162
3.1627
3.1659
3.1659
3.1681
3.1684
3.1692
3.1711
3.1734
3.1779
3.179
3.18
3.1817
3.183
3.1859
3.186
3.1862
3.1878
3.188
3.1891
3.1892
3.1911
3.1919
3.1931
3.196
3.196
3.2003
3.2041
3.2043
3.2061
3.2068
3.2092
3.2095
3.2097
3.211
3.2116
3.2144
3.2162
3.2211
3.2223
3.2226
3.2228
3.2232
3.2265
3.229
3.232
3.2321
3.2364
3.2383
3.2456
3.2493
3.2536
3.2569
3.2679
3.2689
3.2699
3.2745
3.275
3.2754
3.2782
3.2796
3.2799
3.2861
3.2887
3.2904
3.2913
3.2914
3.293
3.2931
3.2939
3.2984
3.3028
3.3068
3.3088
3.3093
3.3119
3.312
3.3139
3.3145
3.3169
3.3188
3.3189
3.3201
3.3202
3.321
3.3232
3.325
3.3254
3.3254
3.3256
3.3311
3.3343
3.3347
3.335
3.3356
3.3362
3.3391
3.3424
3.3438
3.344
3.3463
3.3466
3.3473
3.3492
3.3509
3.3559
3.358
3.3594
3.3625
3.3631
3.3637
3.3669
3.3684
3.3706
3.372
3.3751
3.3768
3.3787
3.3798
3.382
3.3829
3.3833
3.3837
3.3841
3.3862
3.3882
3.3887
3.3901
3.3912
3.3948
3.3949
3.3966
3.3973
3.3984
3.4004
3.4019
3.4048
3.4074
3.4085
3.4088
3.4111
3.4137
3.4157
3.417
3.4193
3.4194
3.4214
3.422
3.4231
3.424
3.4302
3.432
3.4422
3.4425
3.4475
3.4479
3.4493
3.4549
3.4613
3.4616
3.4636
3.4663
3.4691
3.4693
3.4696
3.4799
3.4802
3.4825
3.4833
3.4844
3.4856
3.4867
3.4899
3.4902
3.4904
3.4906
3.495
3.4957
3.5014
3.5053
3.509
3.5114
3.5121
3.5129
3.5168
3.5213
3.5229
3.5293
3.5445
3.5474
3.5483
3.5503
3.5536
3.5544
3.5553
3.557
3.5578
3.5585
3.5594
3.5596
3.561
3.5612
3.5621
3.5629
3.5638
3.5659
3.5672
3.569
3.569
3.5762
3.5767
3.5768
3.5788
3.5793
3.5811
3.5818
3.5838
3.5843
3.5853
3.5873
3.5885
3.5903
3.5936
3.5938
3.5946
3.6029
3.6031
3.609
3.6158
3.6186
3.6199
3.6215
3.6243
3.6322
3.634
3.6347
3.6354
3.6358
3.6371
3.6373
3.6402
3.642
3.6438
3.6443
3.6445
3.6492
3.6555
3.6561
3.6565
3.6621
3.6688
3.672
3.6764
3.68
3.6815
3.6822
3.6859
3.6864
3.6874
3.6877
3.6886
3.6888
3.6939
3.6942
3.6967
3.7012
3.7062
3.7071
3.7096
3.7101
3.7148
3.7227
3.7258
3.7277
3.7284
3.7302
3.7321
3.7354
3.7356
3.7363
3.737
3.7375
3.7383
3.7385
3.7412
3.7414
3.7468
3.7476
3.748
3.7496
3.7525
3.7584
3.7596
3.76
3.7624
3.7646
3.7648
3.7667
3.7714
3.7716
3.7768
3.7779
3.7784
3.7934
3.7949
3.7965
3.7984
3.7991
3.8001
3.8012
3.8053
3.8061
3.8071
3.8082
3.814
3.8201
3.8219
3.8252
3.8321
3.8342
3.8385
3.8415
3.8435
3.8444
3.8448
3.8474
3.8483
3.8502
3.8529
3.855
3.8563
3.8585
3.8618
3.8631
3.8642
3.8649
3.8661
3.8671
3.8709
3.8711
3.8719
3.8742
3.8843
3.885
3.8921
3.8927
3.8928
3.893
3.8937
3.8953
3.8968
3.8987
3.9021
3.9032
3.9032
3.9125
3.9126
3.9173
3.9201
3.9202
3.9205
3.9222
3.9311
3.9367
3.9381
3.9438
3.9468
3.9469
3.9499
3.9499
3.9503
3.951
3.9514
3.9521
3.9545
3.9601
3.9623
3.9654
3.9676
3.9686
3.9696
3.9704
3.9707
3.9708
3.9708
3.9753
3.9754
3.9766
3.9789
3.982
3.983
3.9837
3.9837
3.985
3.99
3.9902
3.9911
3.9914
3.9922
3.9937
3.9944
4.0025
4.0069
4.007
4.0077
4.0078
4.0127
4.0169
4.0176
4.0197
4.0198
4.023
4.0233
4.0273
4.0285
4.0285
4.0286
4.0297
4.0297
4.0308
4.0311
4.0317
4.0352
4.0373
4.0415
4.0419
4.043
4.0485
4.0515
4.0595
4.0596
4.0611
4.0673
4.0675
4.0678
4.069
4.0721
4.0721
4.0756
4.0772
4.0779
4.0797
4.0813
4.0861
4.0914
4.095
4.0954
4.0976
4.1004
4.1031
4.1033
4.1047
4.1051
4.1083
4.1084
4.1124
4.1245
4.125
4.1276
4.13
4.1309
4.1311
4.1332
4.1353
4.1385
4.1413
4.1434
4.1454
4.1498
4.1518
4.1524
4.1526
4.1567
4.1571
4.159
4.1625
4.1642
4.1645
4.1749
4.1774
4.1789
4.18
4.1848
4.1859
4.1879
4.1891
4.1905
4.1918
4.1933
4.1936
4.1957
4.1997
4.2042
4.2073
4.2103
4.2105
4.2119
4.2169
4.2171
4.2233
4.2259
4.2372
4.2373
4.2385
4.2391
4.2402
4.2417
4.2431
4.2455
4.2491
4.2508
4.2577
4.2587
4.2639
4.2643
4.2704
4.2709
4.2734
4.2764
4.2872
4.2931
4.2934
4.2964
4.2971
4.2992
4.3048
4.3151
4.3173
4.3195
4.3201
4.3239
4.3264
4.3325
4.3379
4.3438
4.3474
4.3477
4.3481
4.3585
4.3591
4.3624
4.3627
4.3781
4.3782
4.3797
4.3862
4.3866
4.3923
4.3958
4.3987
4.4007
4.4024
4.4061
4.4064
4.4069
4.4085
4.4106
4.4115
4.4118
4.412
4.4126
4.4171
4.4185
4.4192
4.4237
4.4265
4.4332
4.4371
4.4416
4.4501
4.4508
4.4568
4.4573
4.4575
4.4579
4.4619
4.4639
4.4648
4.4664
4.4669
4.4675
4.4728
4.4801
4.4824
4.483
4.4886
4.4938
4.5001
4.5045
4.5088
4.5162
4.5186
4.5196
4.5213
4.5246
4.5288
4.5314
4.5322
4.533
4.5362
4.5402
4.5442
4.5454
4.5469
4.5487
4.552
4.5559
4.5566
4.5589
4.562
4.5636
4.5652
4.5673
4.5701
4.5724
4.574
4.5743
4.5776
4.6039
4.6071
4.6071
4.6102
4.6113
4.6136
4.6147
4.6163
4.6212
4.622
4.6259
4.6311
4.6376
4.6379
4.6439
4.6456
4.6482
4.649
4.654
4.6596
4.6678
4.6681
4.6706
4.6735
4.677
4.6773
4.6774
4.678
4.6939
4.6977
4.6995
4.7034
4.7053
4.7081
4.7106
4.7119
4.7175
4.7182
4.7227
4.7232
4.7241
4.7243
4.7369
4.7432
4.7461
4.7548
4.7575
4.762
4.7623
4.7658
4.7694
4.777
4.7996
4.8004
4.8007
4.8013
4.8077
4.8088
4.8109
4.8213
4.8305
4.8314
4.8319
4.8334
4.8479
4.8539
4.8574
4.8585
4.8596
4.8602
4.8672
4.8705
4.8755
4.893
4.8959
4.8985
4.9081
4.9116
4.9138
4.9157
4.9226
4.9235
4.9251
4.9297
4.9297
4.93
4.9335
4.9338
4.9542
4.9553
4.9651
4.9716
4.9727
4.9924
5.0092
5.0137
5.0263
5.0376
5.0386
5.039
5.0441
5.0443
5.0604
5.0656
5.0705
5.0782
5.0784
5.0837
5.0889
5.1019
5.1026
5.1126
5.1174
5.118
5.1263
5.1324
5.136
5.1369
5.1384
5.1428
5.1528
5.1533
5.1552
5.1558
5.1622
5.1684
5.1762
5.1784
5.1884
5.2067
5.2155
5.2157
5.2195
5.2269
5.2294
5.2336
5.2403
5.2447
5.2481
5.2585
5.2657
5.2741
5.278
5.2863
5.2932
5.3003
5.3015
5.3093
5.3174
5.3276
5.3311
5.3579
5.3582
5.3592
5.3659
5.3697
5.3704
5.3815
5.4005
5.4042
5.4104
5.4184
5.4208
5.4213
5.4255
5.4337
5.4361
5.4444
5.4461
5.4501
5.4627
5.4652
5.4677
5.4689
5.4738
5.4788
5.4822
5.4868
5.4908
5.4939
5.5038
5.5071
5.5091
5.5121
5.5169
5.5193
5.521
5.5243
5.5262
5.5418
5.5509
5.5517
5.5517
5.5621
5.565
5.5683
5.579
5.5813
5.5879
5.5892
5.592
5.5963
5.597
5.5981
5.5998
5.6004
5.6072
5.6113
5.6133
5.6235
5.632
5.6355
5.6496
5.6525
5.667
5.6809
5.6831
5.6887
5.694
5.7012
5.7065
5.7066
5.7067
5.7117
5.7128
5.7203
5.7238
5.7285
5.7297
5.7321
5.7347
5.7402
5.744
5.7456
5.7525
5.7557
5.7574
5.7579
5.7729
5.7865
5.7899
5.795
5.7976
5.8014
5.8036
5.8048
5.8154
5.8294
5.832
5.8405
5.844
5.8452
5.8538
5.8584
5.8614
5.8647
5.8648
5.8678
5.8716
5.8916
5.9018
5.9022
5.9081
5.9083
5.9095
5.9167
5.9181
5.9225
5.9243
5.9342
5.9412
5.9448
5.9456
5.9494
5.9521
5.9595
5.9717
5.9904
6.0077
6.0165
6.0254
6.0386
6.0387
6.0431
6.0509
6.0552
6.0598
6.0612
6.0654
6.076
6.1035
6.1116
6.1129
6.1201
6.1385
6.1596
6.1672
6.177
6.1891
6.2182
6.239
6.2756
6.3081
6.3242
6.3458
6.3502
6.3718
6.3816
6.3889
6.4165
6.4261
6.6329
