0,1.0809
0,1.0809
0,1.081
0,1.081
0,1.3429
0,1.3429
0,1.3429
0,1.3429
0,1.4784
0,1.4784
0,1.4784
0,1.4784
0,1.4899
0,1.4899
0,1.4899
0,1.4899
0,1.4944
0,1.4944
0,1.4945
0,1.4945
0,1.5006
0,1.5006
0,1.5006
0,1.5006
0,1.5038
0,1.5038
0,1.5039
0,1.5039
0,1.5047
0,1.5047
0,1.5047
0,1.5047
0,1.5058
0,1.5058
0,1.5058
0,1.5058
0,1.5094
0,1.5094
0,1.5095
0,1.5095
0,1.5122
0,1.5122
0,1.5124
0,1.5124
0,1.5143
0,1.5143
0,1.5143
0,1.5143
0,1.5151
0,1.5151
0,1.5151
0,1.5151
0,1.5156
0,1.5156
0,1.5156
0,1.5156
0,1.5228
0,1.5228
0,1.5228
0,1.5228
0,1.629
0,1.629
0,1.629
0,1.629
0,2.5879
0,2.5879
0,2.5881
0,2.5881
0,2.5881
0,2.5882
0,2.64
0,2.64
0,2.6404
0,2.6404
0,2.6405
0,2.6405
0,2.6782
0,2.6782
0,2.6782
0,2.6782
0,2.6782
0,2.6782
0,2.6954
0,2.6954
0,2.6954
0,2.6954
0,2.6954
0,2.6954
0,2.6954
0,2.6954
0,2.6954
0,2.7156
0,2.7156
0,2.7156
0,2.7158
0,2.7158
0,2.7158
0,2.7159
0,2.7159
0,2.7159
0,2.7322
0,2.7322
0,2.7323
0,2.7323
0,2.7343
0,2.7343
0,2.7343
0,2.7346
0,2.7346
0,2.7346
0,2.7473
0,2.7473
0,2.7473
0,2.7473
0,2.7473
0,2.7473
0,2.7541
0,2.7541
0,2.7541
0,2.7541
0,2.7541
0,2.7541
0,2.7784
0,2.7784
0,2.7785
0,2.7785
0,2.7785
0,2.7785
0,2.7803
0,2.7803
0,2.7804
0,2.7804
0,2.7937
0,2.7937
0,2.7937
0,2.7937
0,2.7937
0,2.7937
0,2.7941
0,2.7941
0,2.7941
0,2.7942
0,2.7943
0,2.7945
0,2.8049
0,2.8049
0,2.805
0,2.805
0,2.8051
0,2.8051
0,2.8109
0,2.8109
0,2.811
0,2.811
0,2.8193
0,2.8193
0,2.8195
0,2.8195
0,2.8726
0,2.8726
0,2.8726
0,2.8728
0,2.8728
0,2.8728
0,2.8732
0,2.8732
0,2.8732
0,2.8784
0,2.8786
0,2.8786
0,2.8787
0,2.8855
0,2.8855
0,2.8857
0,2.8857
0,2.8859
0,2.8859
0,2.8928
0,2.8928
0,2.8929
0,2.8929
0,2.894
0,2.8942
0,2.8942
0,2.8942
0,2.8943
0,2.8943
0,2.905
0,2.9053
0,2.9055
0,2.9055
0,2.9055
0,2.9055
0,2.9057
0,2.906
0,2.9091
0,2.9091
0,2.9093
0,2.9093
0,2.9098
0,2.9098
0,2.9098
0,2.9104
0,2.9104
0,2.9104
0,2.9107
0,2.9107
0,2.9107
0,2.9179
0,2.9179
0,2.9179
0,2.9179
0,2.9291
0,2.9291
0,2.9291
0,2.9292
0,2.9292
0,2.9292
0,2.9338
0,2.9338
0,2.9338
0,2.9338
0,2.9338
0,2.9339
0,2.9375
0,2.9375
0,2.9376
0,2.9376
0,2.9376
0,2.9376
0,2.9379
0,2.9379
0,2.9379
0,2.9379
0,2.9379
0,2.9379
0,2.9382
0,2.9382
0,2.9382
0,2.9383
0,2.9383
0,2.9383
0,2.9387
0,2.9387
0,2.9387
0,2.9388
0,2.9388
0,2.9388
0,2.9515
0,2.9515
0,2.9515
0,2.9515
0,2.9654
0,2.9654
0,2.9654
0,2.9654
0,2.9654
0,2.9654
0,2.9656
0,2.9656
0,2.9656
0,2.9719
0,2.9719
0,2.9719
0,2.9719
0,2.972
0,2.972
0,2.9848
0,2.9848
0,2.9848
0,2.9848
0,2.9848
0,2.9848
0,2.985
0,2.985
0,2.985
0,2.9873
0,2.9873
0,2.9873
0,2.9873
0,2.9891
0,2.9891
0,2.9891
0,2.9891
0,2.9908
0,2.9908
0,2.9908
0,2.9908
0,2.9909
0,2.9909
0,2.994
0,2.994
0,2.994
0,2.994
0,2.9941
0,2.9941
0,2.9942
0,2.9942
0,2.9942
0,2.9942
0,2.995
0,2.995
0,2.9951
0,2.9952
0,2.9952
0,2.9952
0,2.9955
0,2.9955
0,2.9956
0,2.9968
0,2.9968
0,2.997
0,2.997
0,2.9971
0,2.9971
0,3.0049
0,3.0049
0,3.0049
0,3.0049
0,3.0049
0,3.0049
0,3.0104
0,3.0108
0,3.0108
0,3.0109
0,3.011
0,3.0111
0,3.0215
0,3.0215
0,3.0216
0,3.0216
0,3.0498
0,3.0501
0,3.0502
0,3.0502
0,3.0503
0,3.0503
0,3.0503
0,3.0503
0,3.0504
0,3.0508
0,3.0689
0,3.0689
0,3.0689
0,3.0689
0,3.069
0,3.069
0,3.0774
0,3.0774
0,3.0774
0,3.0775
0,3.0775
0,3.0775
0,3.0775
0,3.0775
0,3.0775
0,3.0893
0,3.0893
0,3.0897
0,3.0897
0,3.0898
0,3.0898
0,3.0951
0,3.0953
0,3.0954
0,3.0954
0,3.0955
0,3.0955
0,3.0955
0,3.0955
0,3.0955
0,3.0955
0,3.0955
0,3.0955
0,3.0956
0,3.0958
0,3.0959
0,3.0959
0,3.0974
0,3.0975
0,3.0976
0,3.0977
0,3.1147
0,3.1149
0,3.1149
0,3.115
0,3.1157
0,3.1157
0,3.1157
0,3.1157
0,3.1346
0,3.1346
0,3.1347
0,3.1347
0,3.1374
0,3.1374
0,3.1375
0,3.1375
0,3.143
0,3.1434
0,3.1435
0,3.1436
0,3.1436
0,3.1441
0,3.1525
0,3.1526
0,3.1526
0,3.1529
0,3.1529
0,3.1632
0,3.1632
0,3.1632
0,3.1632
0,3.1632
0,3.1632
0,3.1694
0,3.1694
0,3.1694
0,3.1694
0,3.1714
0,3.1714
0,3.1714
0,3.1714
0,3.1714
0,3.1714
0,3.1716
0,3.1716
0,3.1716
0,3.1836
0,3.1836
0,3.1837
0,3.1837
0,3.1921
0,3.1921
0,3.1921
0,3.1921
0,3.1922
0,3.1922
0,3.1922
0,3.1922
0,3.198
0,3.198
0,3.198
0,3.198
0,3.198
0,3.198
0,3.198
0,3.198
0,3.198
0,3.208
0,3.208
0,3.208
0,3.2085
0,3.2085
0,3.2085
0,3.2276
0,3.2276
0,3.2277
0,3.2318
0,3.2324
0,3.2324
0,3.2371
0,3.2371
0,3.2373
0,3.2373
0,3.2422
0,3.2422
0,3.2423
0,3.2423
0,3.2423
0,3.2424
0,3.2504
0,3.2504
0,3.2504
0,3.2504
0,3.2571
0,3.2572
0,3.2573
0,3.2576
0,3.2591
0,3.2593
0,3.2635
0,3.2636
0,3.2636
0,3.2636
0,3.2636
0,3.2638
0,3.2639
0,3.2639
0,3.2719
0,3.2719
0,3.272
0,3.2722
0,3.279
0,3.2889
0,3.2889
0,3.2893
0,3.2893
0,3.2931
0,3.2931
0,3.2931
0,3.2931
0,3.2931
0,3.2931
0,3.2933
0,3.2933
0,3.2936
0,3.2936
0,3.2974
0,3.2974
0,3.2976
0,3.2976
0,3.3229
0,3.3229
0,3.3229
0,3.3229
0,3.3286
0,3.3286
0,3.3286
0,3.3287
0,3.3288
0,3.3288
0,3.3289
0,3.3289
0,3.329
0,3.3484
0,3.3487
0,3.3487
0,3.3488
0,3.3537
0,3.354
0,3.3744
0,3.3745
0,3.3944
0,3.3944
0,3.3946
0,3.3946
0,3.3971
0,3.3971
0,3.3974
0,3.3974
0,3.3989
0,3.4231
0,3.4231
0,3.4231
0,3.4231
0,3.4593
0,3.4593
0,3.4593
0,3.4593
0,3.5726
0,3.5726
0,10
