0,1.4896
0,1.4898
0,1.4899
0,1.4899
0,1.4901
0,1.4901
0,1.4901
0,1.4901
0,1.4901
0,1.4901
0,1.4901
0,1.4901
0,1.4901
0,1.4901
0,1.4901
0,1.4901
0,1.4901
0,1.4901
0,1.4902
0,1.4903
0,1.4903
0,1.4903
0,1.4903
0,1.4903
0,1.4903
0,1.4903
0,1.4903
0,1.4903
0,1.4903
0,1.4903
0,1.4903
0,1.4904
0,1.6439
0,1.6439
0,1.6441
0,1.6441
0,1.6443
0,1.6443
0,1.6443
0,1.6443
0,1.6443
0,1.6443
0,1.6443
0,1.6443
0,1.6443
0,1.6443
0,1.6444
0,1.6444
0,1.8211
0,1.8213
0,1.8213
0,1.8214
0,1.8214
0,1.8215
0,1.8215
0,1.8216
0,1.8217
0,1.8217
0,1.8217
0,1.8217
0,1.8217
0,1.8217
0,1.8217
0,1.8217
0,2.7361
0,2.7361
0,2.7361
0,2.7363
0,2.7363
0,2.7363
0,2.737
0,2.737
0,2.7372
0,2.7372
0,2.7478
0,2.7478
0,2.7483
0,2.7483
0,2.7483
0,2.7484
0,2.7484
0,2.7484
0,2.7484
0,2.7484
0,2.7485
0,2.7485
0,2.7485
0,2.7485
0,2.7485
0,2.7485
0,2.7485
0,2.7485
0,2.7485
0,2.7485
0,2.7485
0,2.7485
0,2.7485
0,2.7485
0,2.7485
0,2.9406
0,2.9406
0,2.9406
0,2.9408
0,2.9409
0,2.9409
0,2.9409
0,2.9409
0,2.9409
0,2.9409
0,2.9409
0,2.9409
0,2.941
0,2.941
0,2.941
0,2.9411
0,2.9411
0,2.9411
0,2.9411
0,2.9411
0,2.9411
0,2.9411
0,2.9411
0,2.9411
0,2.9411
0,2.9411
0,2.9411
0,2.9411
0,2.9411
0,2.9411
0,2.9411
0,2.9411
0,2.9411
0,2.9411
0,2.9411
0,2.9411
0,2.9411
0,2.9411
0,2.9411
0,2.9412
0,2.9412
0,2.9412
0,2.9412
0,2.9412
0,2.9412
0,2.9415
0,2.9415
0,2.9416
0,2.9416
0,2.9416
0,2.973
0,2.973
0,2.9731
0,2.9731
0,2.9731
0,2.9731
0,2.9731
0,2.9731
0,2.9731
0,2.9731
0,2.9731
0,2.9731
0,2.9731
0,2.9731
0,2.9731
0,2.9731
0,2.9731
0,2.9731
0,2.9731
0,2.9731
0,2.9731
0,2.9731
0,2.9731
0,2.9731
0,2.9731
0,2.9731
0,2.9732
0,2.9732
0,2.9732
0,2.9732
0,2.9732
0,2.9732
0,2.9732
0,2.9732
0,2.9732
0,2.9732
0,2.9732
0,2.9732
0,2.9732
0,2.9732
0,2.9732
0,2.9732
0,2.9732
0,2.9732
0,2.9732
0,2.9732
0,2.9733
0,2.9733
0,2.9733
0,2.9733
0,3.0178
0,3.0178
0,3.0179
0,3.0179
0,3.0179
0,3.0181
0,3.0181
0,3.0182
0,3.0182
0,3.0182
0,3.0182
0,3.0182
0,3.0182
0,3.0182
0,3.0182
0,3.0182
0,3.0182
0,3.0182
0,3.0184
0,3.0184
0,3.0184
0,3.0184
0,3.0184
0,3.0184
0,3.0185
0,3.0185
0,3.0185
0,3.0185
0,3.0185
0,3.0185
0,3.0186
0,3.0186
0,3.0186
0,3.0188
0,3.0188
0,3.0188
0,3.0188
0,3.0188
0,3.0189
0,3.0189
0,3.0189
0,3.0189
0,3.0189
0,3.0189
0,3.0189
0,3.0189
0,3.0189
0,3.0189
0,3.0189
0,3.0189
0,3.0189
0,3.0189
0,3.0189
0,3.0189
0,3.0189
0,3.0189
0,3.0189
0,3.0189
0,3.0189
0,3.0189
0,3.0189
0,3.0189
0,3.0189
0,3.0189
0,3.0189
0,3.0189
0,3.0189
0,3.0189
0,3.0189
0,3.0189
0,3.0189
0,3.0189
0,3.0189
0,3.0189
0,3.0189
0,3.0189
0,3.0189
0,3.0189
0,3.0189
0,3.0189
0,3.0189
0,3.0189
0,3.0189
0,3.0189
0,3.0189
0,3.0189
0,3.0189
0,3.0189
0,3.0189
0,3.0189
0,3.0189
0,3.0189
0,3.0189
0,3.019
0,3.019
0,3.019
0,3.019
0,3.019
0,3.019
0,3.019
0,3.019
0,3.019
0,3.019
0,3.019
0,3.019
0,3.019
0,3.019
0,3.019
0,3.019
0,3.019
0,3.019
0,3.019
0,3.019
0,3.019
0,3.019
0,3.019
0,3.019
0,3.019
0,3.019
0,3.0192
0,3.0192
0,3.0192
0,3.0193
0,3.0193
0,3.0193
0,3.0193
0,3.0193
0,3.0195
0,3.0195
0,3.0195
0,3.0195
0,3.0195
0,3.0195
0,3.0195
0,3.0195
0,3.0196
0,3.0196
0,3.0196
0,3.0196
0,3.0196
0,3.0196
0,3.0196
0,3.0196
0,3.0197
0,3.0197
0,3.0197
0,3.0197
0,3.0197
0,3.0198
0,3.0198
0,3.0226
0,3.0226
0,3.0229
0,3.0229
0,3.0229
0,3.0229
0,3.0229
0,3.0229
0,3.023
0,3.023
0,3.023
0,3.023
0,3.023
0,3.023
0,3.023
0,3.023
0,3.023
0,3.023
0,3.023
0,3.023
0,3.023
0,3.023
0,3.023
0,3.023
0,3.023
0,3.023
0,3.023
0,3.023
0,3.023
0,3.023
0,3.023
0,3.023
0,3.023
0,3.023
0,3.023
0,3.023
0,3.023
0,3.023
0,3.023
0,3.023
0,3.023
0,3.0234
0,3.0234
0,3.0234
0,3.0234
0,3.0234
0,3.0235
0,3.0235
0,3.0235
0,3.0237
0,3.0237
0,3.0237
0,3.0237
0,3.0237
0,3.0237
0,3.0237
0,3.0237
0,3.0238
0,3.0238
0,3.0244
0,3.0244
0,3.0244
0,3.0244
0,3.0244
0,3.0244
0,3.0704
0,3.0704
0,3.0705
0,3.0705
0,3.0705
0,3.0705
0,3.0708
0,3.0708
0,3.0708
0,3.0708
0,3.0708
0,3.0708
0,3.071
0,3.071
0,3.071
0,3.1109
0,3.111
0,3.111
0,3.1113
0,3.1113
0,3.1113
0,3.1113
0,3.1114
0,3.1114
0,3.1114
0,3.1115
0,3.1115
0,3.1115
0,3.1115
0,3.1115
0,3.1116
0,3.1116
0,3.1116
0,3.1116
0,3.1117
0,3.1124
0,3.1124
0,3.1124
0,3.1124
0,3.1124
0,3.1124
0,3.1125
0,3.1125
0,3.1125
0,3.1125
0,3.1125
0,3.1125
0,3.1125
0,3.1125
0,3.1125
0,3.1125
0,3.1125
0,3.1125
0,3.1125
0,3.1125
0,3.1511
0,3.1512
0,3.1513
0,3.1514
0,3.1514
0,3.1514
0,3.1514
0,3.1514
0,3.1514
0,3.1514
0,3.1514
0,3.1514
0,3.1514
0,3.1514
0,3.1514
0,3.1521
0,3.1521
0,3.1521
0,3.1521
0,3.1746
0,3.1746
0,3.1746
0,3.1746
0,3.1746
0,3.1746
0,3.1749
0,3.1749
0,3.175
0,3.175
0,3.1751
0,3.1751
0,3.1755
0,3.1755
0,3.1756
0,3.1759
0,3.3159
0,3.3159
0,3.316
0,3.3161
0,3.3165
0,3.3165
0,3.3165
0,3.3165
0,3.3165
0,3.3165
0,3.3166
0,3.3166
0,3.3166
0,3.3167
0,3.3168
0,3.3168
0,3.3961
0,3.3961
0,3.3963
0,3.3963
0,3.3964
0,3.3964
0,3.3967
0,3.3967
0,3.3967
0,3.3967
0,3.3967
0,3.3967
0,3.3968
0,3.3968
0,3.397
0,3.397
0,3.3971
0,3.3971
0,3.3973
0,3.3973
0,3.3973
0,3.3973
0,3.3973
0,3.3973
0,3.3974
0,3.3974
0,3.3974
0,3.3974
0,3.3974
0,3.3974
0,3.3974
0,3.3974
0,10
