5.7292,5.8657
4.5418,4.545
4.5417,4.545
4.5416,4.5448
4.5415,4.5448
4.4531,4.576
4.4531,4.576
4.453,4.576
4.453,4.576
4.4352,4.6259
4.4352,4.6259
4.4351,4.6259
4.4351,4.6259
4.3034,4.4014
4.3034,4.4015
4.3034,4.4012
4.3034,4.4015
4.2736,4.4174
4.2736,4.4174
4.2732,4.4174
4.2732,4.4174
4.2638,4.2967
4.2638,4.2968
4.2637,4.2965
4.2637,4.2966
4.2091,4.4327
4.209,4.4326
4.157,4.1819
4.157,4.1818
4.157,4.1818
4.1569,4.1817
4.156,4.3415
4.1559,4.3415
4.1559,4.3415
4.0985,4.2328
4.0985,4.2329
4.0985,4.6688
4.0985,4.2328
4.0985,4.2328
4.0985,4.6693
4.0982,4.5448
4.0982,4.5448
4.0982,4.7249
4.0928,4.4298
4.0928,4.4298
4.0926,4.4298
4.0926,4.4298
4.0811,4.2388
4.081,4.2387
4.081,4.2387
4.0808,4.2386
4.0656,4.3058
4.0656,4.3058
4.0654,4.3058
4.0654,4.3058
4.0548,4.3791
4.0547,4.2003
4.0547,4.379
4.0547,4.2005
4.0546,4.2002
4.0542,4.2002
4.0531,4.3791
4.053,4.379
4.0529,4.3789
4.0526,4.3786
4.0261,4.2193
4.0261,4.2196
4.0259,4.2192
4.0259,4.2194
4.002,4.2334
4.002,4.2334
4.002,4.2334
4.002,4.2334
3.9913,4.204
3.9913,4.2043
3.9912,4.2042
3.991,4.2037
3.9889,4.1715
3.9889,4.1715
3.9889,4.1715
3.9889,4.1715
3.966,4.1603
3.966,4.1603
3.9659,4.1604
3.9659,4.1604
3.9574,4.0422
3.9574,4.0422
3.9573,4.0423
3.9573,4.0423
3.9521,4.4081
3.9521,4.4081
3.9521,4.4082
3.9521,4.4082
3.9456,4.2704
3.9453,4.2704
3.9452,4.2703
3.9452,4.27
3.9448,4.256
3.9448,4.7167
3.9448,4.256
3.9447,4.2561
3.9447,4.7165
3.9447,4.2561
3.941,4.0181
3.9409,4.0183
3.9409,4.0183
3.9408,4.0181
3.934,4.052
3.9338,4.052
3.9338,4.0518
3.9337,4.0518
3.9312,4.2204
3.9312,4.2205
3.9311,4.2204
3.9308,4.2205
3.9292,4.304
3.9287,4.3037
3.9287,4.3037
3.9285,4.3035
3.9164,3.9784
3.9164,3.9787
3.9163,3.9782
3.9163,3.9784
3.9125,4.4571
3.9125,4.4571
3.9125,4.457
3.9125,4.457
3.8986,4.4404
3.8986,4.4407
3.8986,4.4405
3.8986,4.4404
3.8844,4.3571
3.8844,4.3571
3.8839,4.3567
3.8839,4.3568
3.8802,4.2059
3.8802,4.2059
3.8802,4.2058
3.8802,4.2058
3.8754,3.9022
3.8754,3.9022
3.8753,3.9022
3.8753,3.9022
3.8545,4.2344
3.8545,4.2344
3.8542,4.2344
3.8542,4.2344
3.8523,4.1645
3.8522,4.1645
3.852,4.1643
3.8518,4.1643
3.8448,4.4593
3.8448,4.4593
3.8447,4.4592
3.8444,4.459
3.8424,3.8978
3.8423,3.8979
3.8423,3.8979
3.8421,3.8983
3.8239,4.2326
3.8239,4.2326
3.8237,4.2328
3.8237,4.2328
3.8128,4.0372
3.8127,4.0371
3.8126,4.037
3.8125,4.0369
3.8068,4.3542
3.8068,4.3542
3.8068,4.3541
3.8068,4.3541
3.8031,4.2465
3.803,3.8979
3.803,3.8983
3.803,3.8978
3.8029,3.8979
3.8029,4.2469
3.8013,3.8522
3.8012,3.8522
3.8011,3.8519
3.801,3.8519
3.7984,4.6193
3.7984,4.6193
3.7983,4.6193
3.7983,4.6193
3.7866,4.2059
3.7866,4.2059
3.7866,4.2058
3.7866,4.2058
3.7863,3.9088
3.7863,3.9087
3.7863,4.0319
3.7863,4.0319
3.7863,3.9089
3.7863,3.9089
3.7861,4.0322
3.7861,4.0322
3.774,4.2689
3.774,4.2689
3.7737,4.2692
3.7737,4.2692
3.7571,4.368
3.7571,4.368
3.7568,4.3679
3.7568,4.3679
3.7471,4.0845
3.7471,4.0848
3.7471,4.5183
3.747,4.5183
3.7468,4.5183
3.7468,4.5183
3.7467,4.0843
3.7467,4.0844
3.7436,4.299
3.7436,4.299
3.7434,4.2987
3.7434,4.2987
3.7266,4.2328
3.7266,4.2328
3.7265,4.2326
3.7265,4.2326
3.7155,4.1274
3.7155,4.1274
3.7155,4.1274
3.7155,4.1274
3.7042,5.1901
3.7042,4.6702
3.7042,4.6702
3.7042,4.4407
3.7042,4.037
3.7042,4.037
3.7038,4.0371
3.7038,4.0371
3.7038,4.4404
3.7026,3.951
3.7026,3.951
3.7025,3.9511
3.7025,3.9511
3.699,4.9431
3.6985,4.9428
3.6985,4.5621
3.6985,4.5622
3.6983,4.5621
3.698,4.5617
3.6889,4.703
3.6888,4.2469
3.6888,4.2465
3.6886,4.7029
3.6688,3.8533
3.6688,3.8537
3.6688,3.8531
3.6688,3.8532
3.667,4.2166
3.667,4.2166
3.6666,4.2162
3.6665,4.2162
3.6636,3.9249
3.6633,3.9249
3.6633,3.9246
3.6631,3.9246
3.6629,4.0878
3.6629,4.0878
3.6629,4.0878
3.6629,4.0878
3.662,4.2404
3.662,4.2404
3.6615,4.2401
3.6615,4.2401
3.6553,4.5824
3.6553,4.5825
3.6553,4.844
3.6549,4.5823
3.6549,4.5823
3.6549,4.8443
3.6498,3.8963
3.6498,3.8963
3.6498,3.8963
3.6498,3.8963
3.6385,4.227
3.6385,4.227
3.6384,4.2271
3.6384,4.2271
3.6338,4.2787
3.6338,4.2792
3.6338,4.2792
3.6338,4.279
3.6324,3.77
3.6324,3.77
3.6323,3.7697
3.6323,3.7697
3.6317,3.8339
3.6313,3.8339
3.6312,3.8337
3.6311,3.8337
3.6269,4.2242
3.6269,4.2242
3.6269,4.2242
3.6269,4.2242
3.6263,3.9507
3.6263,3.9507
3.626,3.9503
3.626,3.9503
3.6062,4.1818
3.6062,4.1818
3.606,4.1819
3.6058,4.1817
3.6028,4.1082
3.6028,4.1086
3.6028,4.108
3.6028,4.1081
3.6025,4.2764
3.6025,4.2764
3.6025,4.2764
3.6025,4.2764
3.5987,4.299
3.5987,4.299
3.5986,4.2991
3.5986,4.2991
3.5805,4.176
3.5805,4.176
3.5804,4.1759
3.5804,4.1759
3.5725,4.5801
3.5725,4.5801
3.5725,4.58
3.5725,4.58
3.5725,4.6715
3.5725,4.6715
3.5596,4.2628
3.5596,4.2628
3.5596,4.2628
3.5596,4.2628
3.5474,3.8829
3.5474,3.8829
3.5473,3.8828
3.5473,3.8828
3.5348,4.2162
3.5348,4.2162
3.5345,4.2162
3.5345,4.2162
3.5303,4.36
3.5303,4.36
3.5302,4.3596
3.5302,4.3596
3.5254,4.2559
3.5254,4.2559
3.5254,4.2562
3.5254,4.2562
3.5127,4.3993
3.5127,4.3994
3.5127,4.3994
3.5127,4.3995
3.5115,4.2756
3.5115,4.2758
3.5115,4.2758
3.5115,4.2754
3.5051,4.3512
3.5051,4.3512
3.5051,4.5701
3.5051,4.5701
3.505,4.3513
3.505,4.3513
3.5023,4.3814
3.5023,4.3814
3.5023,4.3814
3.5023,4.3814
3.4554,4.4435
3.4554,5.2775
3.4554,4.4436
3.4554,5.2775
3.4553,4.2966
3.4553,4.2965
3.4553,4.2968
3.4553,4.8013
3.4553,4.8013
3.4553,4.2967
3.4537,4.01
3.4537,4.01
3.4536,4.0098
3.4536,4.0098
3.4486,4.4372
3.4486,4.4372
3.4486,4.437
3.4486,4.437
3.4378,4.2043
3.4378,4.2043
3.4378,4.2043
3.4378,4.2043
3.4319,4.3793
3.4319,4.3795
3.4315,4.3794
3.4315,4.3795
3.4287,4.3415
3.4287,4.3415
3.4286,4.2981
3.4286,4.3415
3.4136,4.1331
3.4136,4.1332
3.4136,4.4285
3.4136,4.1328
3.4136,4.1332
3.4136,4.4286
3.409,4.0902
3.409,4.0902
3.409,4.0902
3.409,4.0902
3.4077,4.5886
3.4077,4.5886
3.4074,4.457
3.4074,4.457
3.4074,4.4571
3.4074,4.4571
3.4067,4.4287
3.4067,4.6704
3.4067,4.4285
3.4067,4.5699
3.404,4.4598
3.404,4.4598
3.4039,4.5685
3.4035,4.5678
3.4035,5.3738
3.4034,5.3738
3.4034,4.46
3.4034,5.6828
3.4034,4.46
3.3963,4.0285
3.3961,4.0284
3.3958,4.0285
3.3955,4.0282
3.3899,4.3573
3.3899,4.3573
3.3896,4.3572
3.3896,4.3572
3.3896,4.545
3.3893,4.1062
3.3893,4.1062
3.3893,4.1062
3.3893,4.1062
3.3892,4.7276
3.3892,4.887
3.3892,4.7279
3.3705,4.168
3.3705,4.168
3.3704,4.1676
3.3704,4.1676
3.3569,4.4404
3.3569,4.4909
3.3567,4.3791
3.3567,4.3789
3.3567,4.4686
3.3483,3.9705
3.3483,3.9706
3.3481,3.9708
3.3481,3.9711
3.3456,4.5109
3.3452,4.5109
3.3452,4.4405
3.345,4.511
3.34,4.5699
3.34,4.7053
3.3399,4.7167
3.3316,3.9274
3.3316,3.9277
3.3314,3.9271
3.3314,3.9273
3.3282,4.511
3.3263,4.4442
3.3263,4.4442
3.3263,4.4442
3.3263,4.4442
3.323,4.7053
3.3228,4.5682
3.3227,4.6704
3.3227,4.5379
3.3227,4.6713
3.3226,4.6713
3.3225,4.538
3.3209,4.5017
3.3209,4.5017
3.3208,4.5017
3.3208,4.5017
3.3106,4.385
3.3106,4.3851
3.3106,4.4109
3.3104,4.3851
3.3104,4.3852
3.3104,4.4109
3.2942,4.4109
3.2942,4.4503
3.2942,4.678
3.2942,4.4503
3.2941,4.4109
3.2941,4.4507
3.2941,4.2562
3.2941,4.2562
3.2941,4.2559
3.2941,4.2559
3.2919,4.1037
3.2919,4.1037
3.2918,3.9622
3.2918,4.1036
3.2913,4.052
3.2913,4.052
3.2911,4.0518
3.2911,4.0518
3.2835,4.0285
3.2835,4.0289
3.2835,4.0285
3.2834,4.0284
3.2789,4.3844
3.2789,4.3844
3.2789,4.7743
3.2789,4.545
3.2667,4.1781
3.2667,4.1781
3.2664,4.1783
3.2664,4.1783
3.2603,4.3353
3.2603,4.3352
3.2603,4.3352
3.2603,4.3356
3.2534,4.7754
3.2534,4.4709
3.2534,4.7754
3.2534,4.4709
3.2533,4.4708
3.2533,4.4708
3.2533,4.8865
3.2459,4.4846
3.2459,4.4846
3.2459,4.4846
3.2459,4.4846
3.2398,4.4909
3.2398,4.4909
3.2398,4.7053
3.2281,4.3843
3.2281,4.3843
3.2142,4.4507
3.2142,4.5887
3.2141,4.6714
3.2138,4.5679
3.2096,4.6714
3.2096,4.6784
3.2096,4.7743
3.2072,4.5887
3.207,4.7439
3.207,4.7441
3.2069,4.669
3.2,4.8443
3.2,4.8443
3.2,4.6689
3.2,4.7246
3.2,4.7681
3.2,4.7681
3.1921,4.7053
3.1718,4.698
3.1713,4.698
3.1712,4.698
3.171,4.698
