0,0.034417
0,0.034417
0,0.38605
0,1.1692
0,1.1692
0,1.1692
0,1.1692
0,1.4294
0,1.4294
0,1.4294
0,1.4294
0,1.4666
0,1.4666
0,1.4667
0,1.4667
0,1.4826
0,1.4826
0,1.4826
0,1.4826
0,1.4849
0,1.4849
0,1.4849
0,1.4849
0,1.4921
0,1.4921
0,1.4925
0,1.4925
0,1.4925
0,1.4925
0,1.4926
0,1.4926
0,1.4934
0,1.4938
0,1.494
0,1.494
0,1.4972
0,1.4972
0,1.4972
0,1.4972
0,1.5002
0,1.5002
0,1.5002
0,1.5002
0,1.5008
0,1.5008
0,1.501
0,1.501
0,1.5047
0,1.5047
0,1.5047
0,1.5047
0,1.514
0,1.514
0,1.514
0,1.514
0,1.5148
0,1.5148
0,1.5148
0,1.5148
0,1.5228
0,1.5228
0,1.5228
0,1.5228
0,1.7095
0,1.7095
0,1.7096
0,1.7096
0,2.5199
0,2.5199
0,2.5201
0,2.5201
0,2.5202
0,2.5202
0,2.6544
0,2.6544
0,2.6544
0,2.6544
0,2.6568
0,2.6568
0,2.6568
0,2.6569
0,2.6569
0,2.6569
0,2.6692
0,2.6692
0,2.6692
0,2.6692
0,2.6693
0,2.6693
0,2.6693
0,2.6693
0,2.6749
0,2.6749
0,2.6749
0,2.675
0,2.675
0,2.675
0,2.6938
0,2.6938
0,2.694
0,2.694
0,2.6941
0,2.6941
0,2.7449
0,2.7449
0,2.7449
0,2.745
0,2.745
0,2.745
0,2.7538
0,2.754
0,2.754
0,2.754
0,2.7541
0,2.7544
0,2.7785
0,2.7937
0,2.7937
0,2.7938
0,2.7938
0,2.7938
0,2.7938
0,2.8174
0,2.8174
0,2.8174
0,2.8177
0,2.8177
0,2.8177
0,2.823
0,2.823
0,2.823
0,2.823
0,2.8231
0,2.8231
0,2.8234
0,2.8234
0,2.8234
0,2.8235
0,2.8235
0,2.8235
0,2.8235
0,2.8235
0,2.8235
0,2.8273
0,2.8273
0,2.8278
0,2.8278
0,2.8421
0,2.8421
0,2.8422
0,2.8422
0,2.8426
0,2.8426
0,2.8479
0,2.8481
0,2.8482
0,2.8482
0,2.876
0,2.876
0,2.876
0,2.876
0,2.876
0,2.876
0,2.8801
0,2.8801
0,2.8802
0,2.8802
0,2.884
0,2.884
0,2.884
0,2.884
0,2.8841
0,2.8841
0,2.8897
0,2.8897
0,2.8897
0,2.8897
0,2.8897
0,2.8897
0,2.8898
0,2.8898
0,2.8898
0,2.9181
0,2.9181
0,2.9181
0,2.9184
0,2.9184
0,2.9184
0,2.92
0,2.92
0,2.9202
0,2.9202
0,2.9204
0,2.9204
0,2.9368
0,2.9368
0,2.9369
0,2.9369
0,2.9399
0,2.9399
0,2.94
0,2.94
0,2.94
0,2.94
0,2.94
0,2.94
0,2.94
0,2.94
0,2.9401
0,2.9401
0,2.9401
0,2.9456
0,2.9458
0,2.9462
0,2.9462
0,2.9462
0,2.9466
0,2.9466
0,2.9466
0,2.9471
0,2.9471
0,2.9472
0,2.9472
0,2.961
0,2.961
0,2.961
0,2.961
0,2.961
0,2.961
0,2.9686
0,2.9686
0,2.9686
0,2.9686
0,2.9688
0,2.9688
0,2.9691
0,2.9693
0,2.9695
0,2.9695
0,2.9696
0,2.9701
0,2.972
0,2.972
0,2.972
0,2.9723
0,2.9723
0,2.9723
0,2.9724
0,2.9724
0,2.9724
0,2.9859
0,2.9861
0,2.9862
0,2.9866
0,3.0007
0,3.0007
0,3.0007
0,3.0012
0,3.0012
0,3.0012
0,3.0014
0,3.0014
0,3.0014
0,3.0131
0,3.0131
0,3.0132
0,3.0132
0,3.0136
0,3.0136
0,3.0212
0,3.0212
0,3.0213
0,3.0213
0,3.0213
0,3.0213
0,3.0215
0,3.0215
0,3.0216
0,3.0216
0,3.0269
0,3.0269
0,3.027
0,3.027
0,3.0303
0,3.0303
0,3.0307
0,3.0307
0,3.0314
0,3.0314
0,3.0314
0,3.0315
0,3.0316
0,3.0316
0,3.0316
0,3.0316
0,3.0316
0,3.0317
0,3.0321
0,3.0321
0,3.0365
0,3.0365
0,3.0368
0,3.0368
0,3.0369
0,3.0369
0,3.0369
0,3.0369
0,3.0369
0,3.0369
0,3.037
0,3.037
0,3.037
0,3.037
0,3.0385
0,3.0385
0,3.0385
0,3.0385
0,3.0385
0,3.0385
0,3.0386
0,3.0386
0,3.0386
0,3.0403
0,3.0403
0,3.0403
0,3.0403
0,3.0403
0,3.0403
0,3.0451
0,3.0455
0,3.0455
0,3.0455
0,3.0455
0,3.0455
0,3.0456
0,3.0456
0,3.0457
0,3.046
0,3.046
0,3.046
0,3.0505
0,3.0505
0,3.0505
0,3.0505
0,3.0505
0,3.0505
0,3.0958
0,3.0959
0,3.0964
0,3.0964
0,3.0982
0,3.0982
0,3.0983
0,3.0983
0,3.0983
0,3.0983
0,3.0991
0,3.0991
0,3.0994
0,3.0994
0,3.1114
0,3.1114
0,3.1114
0,3.1116
0,3.1116
0,3.1116
0,3.1117
0,3.1117
0,3.1117
0,3.1187
0,3.1187
0,3.1187
0,3.119
0,3.119
0,3.119
0,3.119
0,3.1207
0,3.1207
0,3.1207
0,3.1207
0,3.1252
0,3.1254
0,3.1254
0,3.1254
0,3.1255
0,3.1259
0,3.1265
0,3.1265
0,3.1266
0,3.1266
0,3.127
0,3.127
0,3.127
0,3.127
0,3.1288
0,3.1292
0,3.1292
0,3.1294
0,3.1294
0,3.1294
0,3.1295
0,3.1295
0,3.1295
0,3.1299
0,3.1348
0,3.1348
0,3.1348
0,3.1348
0,3.1348
0,3.1348
0,3.1348
0,3.1348
0,3.1348
0,3.1416
0,3.1418
0,3.1418
0,3.1419
0,3.1442
0,3.1442
0,3.1445
0,3.1445
0,3.1544
0,3.1544
0,3.1545
0,3.1547
0,3.1564
0,3.1566
0,3.1566
0,3.1567
0,3.1567
0,3.1568
0,3.1568
0,3.157
0,3.1571
0,3.1571
0,3.1591
0,3.1591
0,3.1591
0,3.1591
0,3.1591
0,3.1591
0,3.1639
0,3.1639
0,3.1639
0,3.164
0,3.164
0,3.164
0,3.1642
0,3.1642
0,3.1642
0,3.168
0,3.168
0,3.1681
0,3.1681
0,3.1729
0,3.1729
0,3.1729
0,3.1729
0,3.1819
0,3.1822
0,3.1823
0,3.1824
0,3.2036
0,3.2036
0,3.2037
0,3.2037
0,3.2042
0,3.2044
0,3.2045
0,3.2045
0,3.2117
0,3.2117
0,3.2118
0,3.2118
0,3.2147
0,3.2147
0,3.2149
0,3.2152
0,3.2152
0,3.2223
0,3.2227
0,3.2227
0,3.2227
0,3.2359
0,3.2359
0,3.2359
0,3.2359
0,3.2359
0,3.236
0,3.236
0,3.2361
0,3.2361
0,3.2425
0,3.2427
0,3.2428
0,3.2428
0,3.2432
0,3.2433
0,3.2434
0,3.2439
0,3.2489
0,3.2489
0,3.2489
0,3.2489
0,3.2493
0,3.2493
0,3.2575
0,3.2575
0,3.2594
0,3.2594
0,3.2628
0,3.2628
0,3.2628
0,3.2628
0,3.2744
0,3.2744
0,3.2861
0,3.2861
0,3.2861
0,3.2861
0,3.2964
0,3.2965
0,3.299
0,3.2993
0,3.3
0,3.3406
0,3.3498
0,3.3504
0,3.359
0,3.3592
0,3.3972
0,3.3972
0,3.3973
0,3.3973
0,3.3998
0,3.4001
0,3.4001
0,3.4002
0,3.408
0,3.408
0,3.4082
0,3.4082
0,3.4148
0,3.4149
0,3.4149
0,3.4153
0,3.4272
0,3.4272
0,3.4272
0,3.4272
0,3.4272
0,3.4272
0,10
