0,0.13077
0,0.13077
0,0.4577
0,1.151
0,1.151
0,1.151
0,1.151
0,1.2262
0,1.2262
0,1.2262
0,1.2262
0,1.2577
0,1.2579
0,1.2579
0,1.2579
0,1.4237
0,1.4237
0,1.4239
0,1.4239
0,1.4698
0,1.4698
0,1.4698
0,1.4698
0,1.4742
0,1.4742
0,1.4744
0,1.4744
0,1.4809
0,1.4809
0,1.4812
0,1.4812
0,1.492
0,1.492
0,1.4921
0,1.4921
0,1.4925
0,1.4925
0,1.4925
0,1.4925
0,1.4968
0,1.4968
0,1.4968
0,1.4968
0,1.5011
0,1.5011
0,1.5011
0,1.5011
0,1.5026
0,1.5026
0,1.5027
0,1.5027
0,1.5107
0,1.5107
0,1.5107
0,1.5107
0,1.5119
0,1.5119
0,1.5121
0,1.5121
0,1.5162
0,1.5162
0,1.5165
0,1.5165
0,1.723
0,1.723
0,1.7231
0,1.7231
0,2.5822
0,2.5823
0,2.5824
0,2.5825
0,2.5825
0,2.5826
0,2.6473
0,2.6473
0,2.6474
0,2.6474
0,2.6474
0,2.6474
0,2.6634
0,2.6634
0,2.6635
0,2.6635
0,2.67
0,2.67
0,2.6702
0,2.6702
0,2.6702
0,2.6702
0,2.6763
0,2.6763
0,2.6763
0,2.6763
0,2.6763
0,2.6763
0,2.6809
0,2.6809
0,2.6813
0,2.6813
0,2.6923
0,2.6923
0,2.6923
0,2.6923
0,2.6923
0,2.6923
0,2.6966
0,2.6966
0,2.6966
0,2.6966
0,2.6966
0,2.6966
0,2.6993
0,2.6993
0,2.6993
0,2.6993
0,2.6994
0,2.6994
0,2.7206
0,2.7255
0,2.7257
0,2.7259
0,2.7259
0,2.726
0,2.7263
0,2.744
0,2.744
0,2.744
0,2.7444
0,2.7444
0,2.7444
0,2.7509
0,2.7509
0,2.7509
0,2.7511
0,2.7511
0,2.7511
0,2.7535
0,2.7535
0,2.7537
0,2.7537
0,2.7764
0,2.7764
0,2.7764
0,2.7766
0,2.7766
0,2.7766
0,2.7799
0,2.7799
0,2.7799
0,2.7799
0,2.7799
0,2.7799
0,2.7833
0,2.7835
0,2.7836
0,2.7836
0,2.827
0,2.827
0,2.827
0,2.8271
0,2.8271
0,2.8271
0,2.8273
0,2.8273
0,2.8273
0,2.8432
0,2.8432
0,2.8433
0,2.8433
0,2.8635
0,2.8637
0,2.8637
0,2.8637
0,2.8638
0,2.8638
0,2.864
0,2.8642
0,2.8642
0,2.8647
0,2.8648
0,2.8648
0,2.8649
0,2.8649
0,2.8651
0,2.8651
0,2.8928
0,2.8928
0,2.8928
0,2.893
0,2.893
0,2.893
0,2.8932
0,2.8932
0,2.8932
0,2.9059
0,2.9059
0,2.906
0,2.906
0,2.9123
0,2.9123
0,2.9123
0,2.9123
0,2.9124
0,2.9124
0,2.927
0,2.927
0,2.927
0,2.9275
0,2.9275
0,2.9275
0,2.9275
0,2.9275
0,2.9275
0,2.9275
0,2.9276
0,2.9276
0,2.9276
0,2.9276
0,2.928
0,2.928
0,2.928
0,2.9395
0,2.9395
0,2.9397
0,2.9398
0,2.9398
0,2.9401
0,2.9403
0,2.9403
0,2.9403
0,2.9403
0,2.9405
0,2.9408
0,2.9415
0,2.9415
0,2.9415
0,2.9416
0,2.9416
0,2.9416
0,2.9416
0,2.9416
0,2.9416
0,2.9503
0,2.9503
0,2.9505
0,2.9505
0,2.952
0,2.952
0,2.952
0,2.952
0,2.9521
0,2.9521
0,2.9663
0,2.9664
0,2.9666
0,2.9667
0,2.9667
0,2.9668
0,2.9721
0,2.9721
0,2.9722
0,2.9722
0,2.9869
0,2.9869
0,2.987
0,2.987
0,2.987
0,2.987
0,2.99
0,2.99
0,2.99
0,2.9901
0,2.9901
0,2.9901
0,2.9902
0,2.9902
0,2.9902
0,2.9989
0,2.9989
0,2.999
0,2.999
0,3.0026
0,3.0026
0,3.0032
0,3.0032
0,3.0192
0,3.0192
0,3.0195
0,3.0195
0,3.0198
0,3.0198
0,3.0259
0,3.0259
0,3.0259
0,3.0259
0,3.0283
0,3.0283
0,3.0283
0,3.0283
0,3.0283
0,3.0283
0,3.0284
0,3.0284
0,3.0285
0,3.0285
0,3.0334
0,3.0334
0,3.0334
0,3.0334
0,3.0334
0,3.0334
0,3.0336
0,3.0336
0,3.0336
0,3.0672
0,3.0672
0,3.0676
0,3.0676
0,3.0676
0,3.0676
0,3.0677
0,3.0677
0,3.0677
0,3.0679
0,3.0679
0,3.0679
0,3.0735
0,3.0735
0,3.0735
0,3.0735
0,3.0736
0,3.0736
0,3.0758
0,3.0758
0,3.0758
0,3.0759
0,3.0759
0,3.0759
0,3.0762
0,3.0762
0,3.0762
0,3.093
0,3.093
0,3.093
0,3.093
0,3.099
0,3.099
0,3.099
0,3.099
0,3.1071
0,3.1071
0,3.1071
0,3.1071
0,3.1071
0,3.1071
0,3.109
0,3.109
0,3.109
0,3.121
0,3.121
0,3.1211
0,3.1211
0,3.1214
0,3.1214
0,3.123
0,3.123
0,3.1233
0,3.1233
0,3.1262
0,3.1262
0,3.1262
0,3.1262
0,3.1262
0,3.1262
0,3.137
0,3.137
0,3.1373
0,3.1373
0,3.144
0,3.144
0,3.1441
0,3.1441
0,3.1441
0,3.1441
0,3.1472
0,3.1472
0,3.1472
0,3.1472
0,3.1472
0,3.1472
0,3.1473
0,3.1473
0,3.1473
0,3.1473
0,3.1473
0,3.1474
0,3.1474
0,3.1474
0,3.1474
0,3.148
0,3.1482
0,3.1483
0,3.1483
0,3.149
0,3.149
0,3.149
0,3.149
0,3.149
0,3.149
0,3.1516
0,3.1516
0,3.1516
0,3.1517
0,3.1517
0,3.1517
0,3.1517
0,3.1517
0,3.1517
0,3.153
0,3.1532
0,3.1534
0,3.1534
0,3.1534
0,3.1535
0,3.1535
0,3.1536
0,3.1536
0,3.154
0,3.1544
0,3.1544
0,3.1544
0,3.1544
0,3.1544
0,3.1544
0,3.1544
0,3.1546
0,3.1546
0,3.1546
0,3.1547
0,3.1547
0,3.1585
0,3.1585
0,3.159
0,3.159
0,3.1713
0,3.1714
0,3.1753
0,3.1753
0,3.1756
0,3.1756
0,3.1834
0,3.1837
0,3.1837
0,3.1837
0,3.1838
0,3.1838
0,3.1839
0,3.1841
0,3.1841
0,3.1842
0,3.1919
0,3.192
0,3.1922
0,3.1938
0,3.1938
0,3.1938
0,3.1938
0,3.1938
0,3.1938
0,3.2043
0,3.2043
0,3.2045
0,3.2048
0,3.2062
0,3.2063
0,3.2065
0,3.2066
0,3.2096
0,3.2096
0,3.2096
0,3.2103
0,3.2103
0,3.2104
0,3.2104
0,3.2229
0,3.2232
0,3.2233
0,3.2234
0,3.2234
0,3.2239
0,3.2338
0,3.2371
0,3.2371
0,3.2376
0,3.2376
0,3.2398
0,3.2398
0,3.2398
0,3.245
0,3.245
0,3.245
0,3.2453
0,3.2457
0,3.2458
0,3.2458
0,3.2459
0,3.2462
0,3.2462
0,3.2463
0,3.2495
0,3.2496
0,3.2498
0,3.2502
0,3.2534
0,3.2534
0,3.2771
0,3.2771
0,3.2774
0,3.2774
0,3.279
0,3.279
0,3.2911
0,3.2913
0,3.3038
0,3.304
0,3.304
0,3.304
0,3.3229
0,3.3278
0,3.328
0,3.3282
0,3.3283
0,3.3283
0,3.3283
0,3.3286
0,3.3399
0,3.3454
0,3.3454
0,3.3454
0,3.3454
0,3.3454
0,3.3454
0,3.3569
0,3.3899
0,3.4252
0,3.4254
0,3.4255
0,3.4256
0,3.4927
0,3.4927
0,3.4931
0,3.4931
0,10
